A0 = zeros(23,23); As_base_3bus; A0(1:19,1:19) = As;
A1 = zeros(23,23);
A1(16,2) = 1003359.057;
A1(20,2) = 0.77857;
A1(21,2) = 108.242;
A1(22,2) = 543.469;
A1(23,2) = 2728.677;
