% Initialize a 19x19 matrix with zeros
As = zeros(19, 19);

% Populate columns 1-6 based on As1.jpg
As(1, 2) = 376.99;
%
As(2, 1) = -0.0314;
As(2, 3) = -0.0134;
As(2, 4) = -0.0134;
As(2, 5) = -0.0205;
As(2, 6) = 0.0314;
%
As(3, 1) = -0.0272;
As(3, 3) = -1.0692;
As(3, 4) = 0.9308;
As(3, 5) = 0.0073;
As(3, 6) = 0.0272;
%
As(4, 1) = -0.967;
As(4, 3) = 33.095;
As(4, 4) = -33.572;
As(4, 5) = 0.2605;
As(4, 6) = 0.967;
%
As(5, 1) = -3.6217;
As(5, 3) = 0.1095;
As(5, 4) = 0.1095;
As(5, 5) = -14.412;
As(5, 6) = 3.6217;
%
As(7, 1) = 0.032;
As(7, 3) = 0.014;
As(7, 4) = 0.014;
As(7, 5) = 0.0206;
As(7, 6) = -0.032;
%
As(8, 1) = -0.9214;
As(8, 3) = -0.1332;
As(8, 4) = -0.1332;
As(8, 5) = -0.838;
As(8, 6) = 0.9214;
%
As(9, 1) = 0.0326;
As(9, 3) = 0.0496;
As(9, 4) = 0.0496;
As(9, 5) = -0.0114;
As(9, 6) = -0.0326;
%
As(10, 1) = 0.3177;
As(10, 3) = 0.4836;
As(10, 4) = 0.4836;
As(10, 5) = -0.1108;
As(10, 6) = -0.3177;
%
As(11, 1) = -2.4827;
As(11, 3) = -0.359;
As(11, 4) = -0.359;
As(11, 5) = -2.258;
As(11, 6) = 2.4827;
%
As(12, 1) = -0.4774;
As(12, 3) = 8.2775;
As(12, 4) = 8.2775;
As(12, 5) = -8.0582;
As(12, 6) = 0.4774;
%
As(13, 1) = -0.19;
As(13, 3) = 0.9808;
As(13, 4) = 0.9808;
As(13, 5) = -1.0938;
As(13, 6) = 0.19;

% Populate columns 7-12 based on As2.jpg
As(2, 10) = 0.0185;
As(2, 11) = -0.0245;
%
As(3, 10) = 0.0504;
As(3, 11) = -0.0033;
%
As(4, 10) = 1.7936;
As(4, 11) = -0.1156;

As(5, 10) = 0.0647;
As(5, 11) = -3.9117;
%
As(6, 7) = 376.99;
%
As(7, 10) = -0.0188;
As(7, 11) = 0.0251;
%
As(8, 8) = -2.50;
As(8, 10) = -0.2253;
As(8, 11) = -1.9007;
%
As(9, 9) = -0.125;
As(9, 10) = 0.009;
As(9, 11) = -0.0272;
%
As(10, 9) = 33.333;
As(10, 10) = -33.246;
As(10, 11) = -0.2654;
%
As(11, 8) = 20.00;
As(11, 10) = -0.6072;
As(11, 11) = -25.122;
%
As(12, 10) = 2.3165;
As(12, 11) = 0.6912;
As(12, 12) = -20.00;
%
As(13, 10) = 16.666;
As(13, 11) = 8.5076;
%
As(16, 12) = -727.27;

% Populate columns 13-19 based on As3.jpg
As(3, 14) = 0.125;
%
As(9, 15) = 0.125;
%
As(13, 13) = -20.00;
%
As(14, 14) = -2.917;
As(14, 16) = 2.7778;
%
As(15, 15) = -3.5219;
As(15, 17) = 3.3333;
%
As(16, 16) = -18.182;
As(16, 18) = -727.27;
%
As(17, 13) = -800.00;
As(17, 17) = -20.00;
As(17, 19) = -800.0;
%
As(18, 14) = -0.0029;
As(18, 16) = 0.0028;
As(18, 18) = -1;
%
As(19, 15) = -0.0035;
As(19, 17) = 0.0033;
As(19, 19) = -1;